1526883232 seed, 60 fps, 1440x789, fullScreen=1, version60_mouseSpeed1.000000_musicOff0_musicLoudness1.000000_webRetrySeconds16 6AE1F26D71B23CC4993473343583E646F47A27A7
2 T 1526883232.570000 mm 720 394
0  
0  
0  
0  
0  
0  
0  
0  
0  
0  
0  
0  
0  
0  
0  
0  
0  
0  
0  
0  
0  
0  
0  
0  
0  
0  
0  
0  
0  
0  
0  
0  
0  
0  
0  
0  
0  
0  
0  
0  
0  
0  
0  
0  
0  
0  
0  
0  
0  
0  
0  
0  
0  
0  
0  
0  
0  
0  
0  
0  
0  
0  
0  
0  
0  
0  
0  
0  
0  
0  
0  
0  
0  
0  
0  
0  
0  
0  
0  
0  
0  
0  
0  
0  
0  
0  
0  
0  
0  
0  
0  
0  
0  
0  
0  
0  
0  
0  
2 T 1526883234.914000 T 1526883234.915000 
0  
0  
0  
0  
0  
0  
0  
0  
0  
0  
0  
0  
0  
0  
0  
0  
0  
0  
0  
0  
0  
0  
0  
0  
0  
7  mm 698 512 mm 693 504 mm 686 497 mm 680 491 mm 676 485 mm 665 474 mm 654 464
8  mm 637 450 mm 632 446 mm 627 443 mm 624 441 mm 621 439 mm 619 437 mm 618 436 mm 617 436
1  mm 616 435
7  mm 616 436 mm 616 437 mm 616 438 mm 616 439 mm 616 440 mm 616 441 mm 617 443
9  mm 617 444 mm 618 445 mm 619 446 mm 619 447 mm 620 449 mm 620 451 mm 621 456 mm 622 458 mm 622 461
10  mm 624 468 mm 624 471 mm 625 482 mm 626 489 mm 626 494 mm 627 500 mm 627 507 mm 627 514 mm 628 522 mm 628 526
19 af 0 af 3 mm 628 532 mm 629 547 mm 629 558 mm 629 561 mm 629 568 mm 629 577 mm 629 581 mm 629 592 mm 629 596 mm 629 607 mm 629 610 mm 629 617 mm 629 623 mm 629 630 mm 629 635 mm 629 640 mm 629 644
2 af 1 mm 629 649
4 af 2 mm 629 656 mm 629 658 mm 629 660
3 af 4 mm 628 662 mm 628 664
0  
0  
0  
1  mm 627 663
1  mm 627 662
2  mm 626 662 mm 625 661
2  mm 624 660 mm 622 655
4  mm 617 617 mm 617 606 mm 616 597 mm 616 592
3  mm 616 584 mm 616 575 mm 616 566
2  mm 616 537 mm 616 526
1  mm 616 515
2  mm 621 476 mm 632 445
3  mm 645 414 mm 653 402 mm 656 397
1  mm 661 389
1  mm 668 382
0  
0  
0  
1  mm 682 382
2  mm 766 370 mm 798 359
1  mm 997 266
1  mm 1215 137
1  mm 1295 83
1  mm 1304 77
3  mm 1305 76 mm 1305 75 mm 1305 74
2  mm 1303 72 mm 1299 66
2  mm 1289 58 mm 1284 55
2  mm 1278 53 mm 1271 52
0  
2  mm 1231 52 mm 1205 64
1  mm 1155 94
3  mm 1125 113 mm 1123 114 mm 1122 115
1  mm 1120 116
0  
0  
1  mm 1119 117
0  
1  mm 1113 124
0  
1  mm 1075 151
1  mm 1066 155
2  mm 1021 166 mm 1004 167
0  
1  mm 938 169
3  mm 924 162 mm 922 160 mm 919 157
1  mm 918 156
2  mm 905 148 mm 901 146
0  
1  mm 851 144
0  
2  mm 814 144 mm 784 144
3  mm 773 144 mm 763 144 mm 757 144
3  mm 739 144 mm 736 144 mm 729 144
1  mm 724 144
2  mm 714 143 mm 713 143
1  mm 712 143
1  mb 1 1 712 143
0  
0  
0  
1  mb 1 0 712 143
10 af 5 af 8 mm 713 143 mm 717 143 mm 731 143 mm 778 143 mm 819 143 mm 884 143 mm 954 143 mm 1025 143
3 af 6 mm 1129 143 mm 1166 143
2 af 7 mm 1198 143
5 T 1526883238.050000 mm 1220 143 mm 1228 143 mm 1234 143 mm 1235 143
0  
0  
0  
2  mm 1228 143 mm 1213 143
4  mm 1197 140 mm 1183 140 mm 1166 140 mm 1157 140
2  mm 1126 140 mm 1117 140
1  mm 1106 140
3  mm 1079 140 mm 1077 140 mm 1067 138
4  mm 1064 138 mm 1062 138 mm 1060 137 mm 1059 136
2  mm 1058 135 mm 1057 135
0  
1  mm 1056 135
0  
0  
3  mm 1055 135 mm 1051 133 mm 1048 133
2  mm 1043 132 mm 1036 132
1  mm 1021 131
3  mm 999 130 mm 985 128 mm 972 125
4  mm 964 121 mm 957 119 mm 954 118 mm 952 117
1  mm 950 116
2  mm 947 116 mb 1 1 947 116
0  
0  
0  
0  
1  mb 1 0 947 116
0  
2  mm 951 116 mm 957 116
1  mm 964 116
1  mm 1009 123
1  mm 1060 138
0  
2  mm 1089 146 mm 1095 148
3  mm 1117 154 mm 1119 154 mm 1122 155
1  mm 1126 158
1  mm 1127 159
4  mm 1128 162 mm 1128 164 mm 1128 167 mm 1128 174
1  mm 1128 182
1  mm 1128 185
2  mm 1127 192 mm 1127 193
0  
0  
0  
0  
0  
2  mm 1127 197 mm 1127 198
2  mm 1128 215 mm 1128 217
1  mm 1128 218
1  mm 1129 221
1  mb 1 1 1129 221
0  
1  mb 1 0 1129 221
0  
0  
0  
0  
0  
0  
0  
0  
0  
0  
0  
0  
0  
0  
0  
0  
0  
0  
1  kd 115 1129 221
8 af 9 af 12 af 15 af 18 af 21 af 24 af 27 af 30 
6 af 10 af 14 af 19 af 23 af 28 ku 115 1129 221
5 af 11 af 17 af 25 af 31 kd 116 1129 221
11 af 13 af 22 af 32 af 35 af 38 af 41 af 44 af 47 af 50 af 53 af 56 
8 af 16 af 29 af 36 af 40 af 45 af 49 af 54 af 58 
7 af 20 af 34 af 42 af 48 af 55 ku 116 1129 221 kd 101 1129 221
9 af 26 af 39 af 51 af 59 af 62 af 65 af 68 af 71 af 74 
6 af 33 af 46 af 60 af 64 af 69 af 73 
4 af 37 af 57 af 66 af 72 
3 af 43 af 63 af 75 
2 af 52 af 70 
1 af 61 
2 af 67 ku 101 1129 221
1 af 76 
0  
0  
0  
0  
0  
0  
0  
0  
1  kd 101 1129 221
2 af 77 af 80 
1 af 78 
1 af 79 
1  ku 101 1129 221
0  
2 T 1526883241.108000 kd 108 1129 221
0  
1  ku 108 1129 221
0  
0  
0  
0  
0  
0  
0  
0  
0  
0  
0  
0  
2  mm 1129 223 mm 1129 226
0  
1  mm 1138 268
1  mm 1143 293
2  mm 1145 312 mm 1145 317
4  mm 1145 340 mm 1145 346 mm 1145 355 mm 1145 366
2  mm 1146 391 mm 1146 408
2  mm 1146 419 mm 1146 422
1  mm 1146 447
1  mm 1146 454
1  mm 1146 455
0  
0  
0  
1  mm 1146 454
1  mm 1146 450
0  
3  mm 1146 426 mm 1146 413 mm 1146 411
1  mm 1146 409
1  mm 1146 406
0  
0  
0  
0  
0  
0  
0  
0  
0  
0  
1  kd 8 1146 406
0  
0  
0  
1  ku 8 1146 406
0  
0  
1  kd 8 1146 406
0  
0  
1  ku 8 1146 406
0  
0  
1  kd 8 1146 406
0  
1  ku 8 1146 406
0  
0  
1  kd 8 1146 406
0  
1  ku 8 1146 406
0  
0  
0  
1  kd 8 1146 406
0  
0  
0  
0  
1  ku 8 1146 406
0  
0  
1  kd 8 1146 406
0  
0  
1  ku 8 1146 406
0  
0  
0  
0  
0  
0  
1  kd 104 1146 406
7 af 81 af 84 af 87 af 90 af 93 af 96 af 99 
5 af 82 af 86 af 91 af 95 af 100 
4 af 83 af 89 af 97 ku 104 1146 406
2 af 85 af 94 
2 af 88 af 101 
1 af 92 
1 af 98 
1  kd 111 1146 406
4 af 102 af 105 af 108 kd 116 1146 406
7 af 103 af 107 af 111 af 114 af 117 af 120 af 123 
6 af 104 af 110 af 115 af 119 af 124 ku 111 1146 406
3 af 106 af 113 af 121 
5 T 1526883243.769000 af 109 af 118 ku 116 1146 406 kd 32 1146 406
2 af 112 af 125 
1 af 116 
1 af 122 
0  
0  
2  ku 32 1146 406 kd 115 1146 406
3 af 126 af 129 af 132 
2 af 127 af 131 
2 af 128 ku 115 1146 406
1 af 130 
0  
1  kd 101 1146 406
1 af 133 
1 af 134 
0  
0  
0  
1  ku 101 1146 406
0  
0  
0  
0  
0  
0  
0  
0  
0  
0  
0  
0  
0  
0  
0  
0  
0  
0  
0  
0  
0  
0  
0  
0  
0  
0  
0  
0  
0  
0  
0  
0  
0  
0  
0  
0  
0  
0  
0  
1  mm 1146 382
0  
3  mm 1143 328 mm 1143 321 mm 1143 312
4  mm 1143 309 mm 1143 305 mm 1143 287 mm 1143 284
3  mm 1143 270 mm 1143 265 mm 1143 262
0  
1  mm 1143 257
0  
0  
0  
0  
1  mm 1144 257
0  
0  
0  
0  
0  
0  
0  
0  
0  
0  
0  
0  
0  
0  
0  
0  
1  kd 8 1144 257
0  
0  
0  
0  
1  ku 8 1144 257
0  
0  
0  
0  
0  
0  
0  
0  
1 T 1526883246.206000 
0  
0  
1  kd 116 1144 257
2 af 135 af 138 
1 af 136 
1 af 137 
1 af 139 
1  ku 116 1144 257
0  
0  
0  
0  
0  
0  
0  
0  
0  
0  
0  
0  
0  
0  
0  
0  
0  
0  
0  
0  
0  
0  
0  
1  mm 1144 267
1  mm 1142 284
1  mm 1135 334
1  kd 101 1135 334
8 af 140 mm 1130 392 mm 1130 399 mm 1130 409 mm 1130 411 mm 1130 412 mm 1130 413 ku 101 1130 413
1 af 141 
1  mm 1130 414
0  
0  
4  mm 1126 404 mm 1125 399 mm 1124 396 mm 1122 391
4  mm 1121 388 mm 1121 386 mm 1120 381 mm 1120 379
0  
1  mm 1120 376
2  mm 1120 375 mm 1120 374
3  mm 1119 372 mm 1119 370 mm 1119 363
2  mm 1118 356 mm 1118 353
5  mm 1118 337 mm 1118 332 mm 1118 329 mm 1118 326 mm 1118 322
1  mm 1118 320
5  mm 1118 319 mm 1118 318 kd 101 1118 316 mm 1118 317 mm 1118 316
0  
0  
1  ku 101 1118 316
1  mm 1119 316
0  
0  
0  
0  
0  
0  
0  
0  
0  
0  
0  
0  
1  kd 108 1119 316
0  
1  ku 108 1119 316
0  
0  
0  
0  
0  
0  
0  
1  mm 1119 327
0  
0  
2  mm 1128 365 mm 1128 369
2  mm 1131 375 mm 1132 377
4  mm 1133 381 mm 1133 383 mm 1134 384 mm 1134 386
1  mm 1134 388
1  mm 1134 389
0  
1  mm 1134 390
0  
0  
0  
0  
0  
0  
0  
0  
0  
0  
1  mm 1134 391
0  
0  
1 T 1526883248.831000 
1  mm 1134 392
1  mm 1136 399
2  mm 1138 403 mm 1142 409
0  
0  
2  mm 1179 472 mm 1183 479
2  mm 1185 484 mm 1187 487
1  mm 1189 495
3  mm 1188 504 mm 1186 508 mm 1185 510
1  mm 1185 511
2  mm 1184 515 mm 1184 517
1  mm 1190 525
1  mm 1197 530
2  mm 1211 540 mm 1214 543
2  mm 1220 548 mm 1220 550
2  mm 1224 557 mm 1226 565
2  mm 1227 571 mm 1227 573
2  mm 1227 585 mm 1221 595
1  mm 1220 596
2  mm 1219 597 mm 1219 598
0  
2  mm 1216 600 mm 1214 600
2  mm 1212 600 mm 1210 600
3  mm 1207 600 mm 1205 600 mm 1204 600
1  mm 1201 600
1  mm 1200 600
2  mm 1199 600 mb 1 1 1199 600
0  
0  
0  
0  
1  mb 1 0 1199 600
3 af 142 af 145 af 148 
2 af 143 af 147 
1 af 144 
1 af 146 
0  
0  
0  
0  
0  
0  
0  
0  
0  
0  
0  
0  
0  
0  
0  
0  
0  
0  
1  mm 1199 601
0  
1  mm 1199 602
0  
1  mb 1 1 1199 602
0  
1  mb 1 0 1199 602
1 af 149 
1 af 150 
1 af 151 
0  
0  
0  
0  
0  
0  
0  
0  
0  
0  
0  
0  
0  
1  mm 1199 601
1  mm 1198 597
0  
2  mm 1192 579 mm 1191 575
0  
1  mm 1170 515
2  mm 1163 502 mm 1161 497
3  mm 1154 483 mm 1152 479 mm 1149 472
0  
3  mm 1137 442 mm 1133 431 mm 1132 429
1  mm 1132 428
0  
0  
1  mm 1132 468
1  mm 1129 507
1  mm 1127 520
1  mm 1120 524
1  mm 1109 528
1  mm 1102 530
0  
1  mm 1085 541
3  mm 1083 547 mm 1082 549 mm 1082 550
2 T 1526883251.280000 T 1526883251.281000 
2  mm 1082 558 mm 1082 559
1  mm 1082 560
1  mm 1081 569
2  mm 1078 577 mm 1078 581
1  mm 1076 587
2  mm 1075 592 mm 1074 596
1  mm 1074 599
1  mb 1 1 1074 599
0  
0  
0  
0  
1  mb 1 0 1074 599
0  
0  
0  
0  
0  
0  
0  
2  mm 1074 598 mm 1074 592
2  mm 1074 587 mm 1074 582
1  mm 1074 570
1  mm 1074 564
3  mm 1075 553 mm 1075 551 mm 1076 550
1  mm 1077 548
1  mm 1080 536
3  mm 1084 524 mm 1086 516 mm 1087 511
2  mm 1090 504 mm 1091 495
1  mm 1096 476
0  
0  
1  mm 1101 455
0  
1  mm 1102 455
0  
0  
0  
0  
1  mm 1102 456
1  mb 1 1 1102 456
0  
0  
0  
1  mb 1 0 1102 456
1 af 152 
1 af 153 
1 af 154 
0  
0  
0  
0  
0  
0  
0  
0  
0  
0  
1  mm 1094 451
2  mm 1079 436 mm 1059 411
3  mm 1007 341 mm 934 248 mm 882 179
0  
2  mm 788 63 mm 766 36
1  mm 758 28
1  mm 757 27
0  
0  
1  mm 759 27
1  mm 786 47
0  
3  mm 884 106 mm 921 129 mm 936 137
2  mm 953 149 mm 961 154
3  mm 966 157 mm 968 158 mm 970 159
0  
3  mm 970 162 mm 969 162 mm 968 162
0  
2  mm 959 162 mm 955 160
1  mm 948 155
2  mm 927 131 mm 925 129
2  mm 924 127 mm 923 125
2  mm 920 122 mm 919 121
2  mm 904 117 mm 884 115
2  mm 875 115 mm 858 115
3  mm 824 115 mm 800 115 mm 793 115
2  mm 788 115 mm 786 115
0  
2  mm 782 115 mb 1 1 782 115
0  
0  
0  
0  
1  mb 1 0 782 115
0  
0  
0  
0  
0  
0  
0  
1 T 1526883253.757000 
0  
0  
0  
0  
1  mm 777 120
1  mm 735 161
2  mm 708 188 mm 702 194
2  mm 669 225 mm 610 271
4  mm 603 275 mm 588 283 mm 581 285 mm 559 295
1  mm 555 296
2  mm 543 300 mm 533 303
2  mm 532 303 mm 531 303
0  
0  
0  
1  mm 531 304
2  mm 531 305 mm 533 306
1  mm 533 307
0  
0  
0  
0  
0  
1  mb 1 1 533 307
0  
0  
0  
0  
0  
0  
1  mb 1 0 533 307
0  
0  
0  
0  
0  
0  
1  mm 536 307
2  mm 583 307 mm 638 307
3  mm 686 307 mm 693 307 mm 707 307
2  mm 718 307 mm 723 307
3  mm 729 307 mm 732 307 mm 733 307
0  
0  
1  mm 733 308
0  
0  
1  mm 733 309
1  mm 733 310
0  
0  
1  mb 1 1 733 310
1  mb 1 0 733 310
0  
0  
0  
0  
0  
0  
0  
0  
0  
0  
0  
0  
0  
0  
3  mm 733 311 mm 732 312 mm 731 314
2  mm 722 325 mm 704 341
2  mm 673 366 mm 589 427
3  mm 534 457 mm 525 462 mm 515 468
2  mm 501 474 mm 490 480
0  
1  mm 474 486
0  
0  
0  
2  mm 488 481 mm 505 477
2  mm 528 472 mm 542 469
2  mm 544 468 mm 551 467
1  mm 559 465
2  mm 564 462 mm 568 460
1  mm 570 459
1  mm 571 458
1  mm 571 457
1  mm 570 457
3  mm 569 456 mm 568 456 mm 567 455
1  mm 562 453
1  mm 559 451
1  mm 558 450
2  mm 556 450 mm 555 450
1  mm 554 450
2  mm 552 450 mm 550 450
1  mm 548 450
4  mm 547 450 mm 546 450 mm 544 450 mm 543 450
1  mm 542 450
2  mm 541 450 mm 540 451
1  mb 1 1 540 451
0  
1 T 1526883256.274000 
0  
0  
1  mb 1 0 540 451
0  
0  
0  
0  
2  mm 541 451 mm 545 451
1  mm 549 451
1  mm 576 451
3  mm 604 451 mm 637 451 mm 642 451
3  mm 651 451 mm 660 451 mm 668 451
2  mm 694 451 mm 698 451
2  mm 702 451 mm 709 452
1  mm 715 453
1  mm 717 453
1  mm 719 454
3  mm 719 455 mm 719 456 mb 1 1 719 456
0  
0  
1  mb 1 0 719 456
0  
0  
0  
0  
0  
0  
0  
0  
0  
0  
0  
1  mm 718 456
0  
2  mm 717 456 mm 716 456
3  mm 715 456 mm 714 455 mm 713 454
2  mm 711 453 mm 708 452
3  mm 698 448 mm 684 445 mm 681 445
3  mm 667 441 mm 662 441 mm 656 441
2  mm 649 441 mm 642 441
2  mm 633 441 mm 626 441
3  mm 619 444 mm 618 445 mm 614 449
1  mm 613 451
3  mm 606 458 mm 603 461 mm 601 465
3  mm 598 469 mm 595 473 mm 591 477
1  mm 587 482
2  mm 586 483 mm 584 484
2  mm 580 485 mm 578 486
2  mm 573 488 mm 565 489
1  mm 563 489
4  mm 557 489 mm 552 489 mm 550 489 mm 549 489
3  mm 547 489 mm 546 489 mm 545 489
2  mm 544 489 mb 1 1 544 489
0  
0  
0  
0  
1  mb 1 0 544 489
0  
3  mm 546 489 mm 551 489 mm 560 489
2  mm 569 489 mm 591 489
2  mm 597 489 mm 611 489
2  mm 633 489 mm 635 489
1  mm 640 489
3  mm 645 489 mm 646 489 mm 648 489
1  mm 649 489
1  mm 653 489
1  mm 654 489
7  mm 654 488 mm 655 488 mm 657 487 mm 661 486 mm 664 485 mm 667 485 mm 674 484
2  mm 676 484 mm 679 483
1  mm 689 481
0  
0  
0  
0  
0  
0  
0  
0  
0  
0  
0  
0  
0  
0  
0  
0  
0  
0  
1  mm 689 480
0  
0  
0  
0  
1  mm 688 481
3  mm 683 481 mm 677 481 mm 668 481
0  
1  mm 616 481
0  
1 T 1526883259.336000 
0  
0  
0  
0  
0  
0  
0  
0  
0  
0  
3  mm 619 481 mm 629 481 mm 636 481
3  mm 654 481 mm 659 481 mm 664 481
3  mm 667 481 mm 672 481 mm 674 480
2  mm 676 480 mm 678 479
3  mm 681 479 mm 682 478 mm 683 477
0  
2  mm 684 476 mm 685 476
2  mm 685 475 mm 686 475
1  mm 686 474
0  
0  
0  
0  
0  
0  
0  
0  
0  
1  mb 1 1 686 474
1  mb 1 0 686 474
0  
0  
0  
0  
0  
0  
0  
0  
3  mm 684 474 mm 682 474 mm 672 474
4  mm 653 474 mm 641 474 mm 630 474 mm 616 474
2  mm 589 474 mm 580 473
1  mm 575 473
1  mm 566 471
2  mm 562 471 mm 542 470
0  
0  
0  
0  
0  
0  
0  
0  
0  
2  mb 1 1 542 470 mb 1 0 542 470
0  
0  
0  
0  
1  mm 560 470
1  mm 616 467
1  mm 637 467
1  mm 671 465
2  mm 733 464 mm 740 464
3  mm 748 464 mm 751 464 mm 753 464
1  mm 755 464
0  
0  
0  
0  
0  
0  
2  mb 1 1 755 464 mb 1 0 755 464
0  
0  
0  
0  
0  
2  mm 755 463 mm 754 459
3  mm 739 441 mm 724 427 mm 686 395
3  mm 659 374 mm 636 360 mm 615 349
4  mm 607 344 mm 589 335 mm 581 332 mm 572 330
2  mm 561 329 mm 541 329
0  
0  
0  
0  
0  
0  
0  
3  mm 540 328 mm 539 328 mm 537 325
1  mm 535 323
2  mm 528 319 mm 525 319
0  
0  
0  
0  
0  
0  
0  
1 T 1526883262.129000 
1  mb 1 1 525 319
1  mb 1 0 525 319
0  
0  
0  
0  
0  
3  mm 541 319 mm 552 319 mm 563 319
0  
0  
1  mm 646 324
2  mm 659 324 mm 665 324
1  mm 675 324
0  
0  
0  
0  
0  
0  
0  
0  
1  mb 1 1 675 324
1  mb 1 0 675 324
0  
0  
0  
0  
0  
0  
3  mm 681 324 mm 686 324 mm 689 324
2  mm 710 324 mm 732 328
0  
0  
0  
0  
0  
0  
0  
3  mm 723 328 mm 717 326 mm 706 320
6  mm 683 310 mm 669 304 mm 658 300 mm 645 294 mm 638 292 mm 627 288
0  
5  mm 605 279 mm 598 277 mm 585 273 mm 576 271 mm 565 270
3  mm 551 268 mm 534 268 mm 517 268
0  
0  
0  
0  
0  
0  
0  
0  
0  
0  
0  
0  
0  
0  
0  
0  
0  
0  
0  
0  
0  
0  
0  
0  
0  
0  
0  
0  
0  
0  
0  
0  
0  
0  
0  
0  
0  
0  
0  
0  
0  
0  
0  
2  mm 517 273 mm 517 276
0  
1  mm 517 291
0  
0  
0  
0  
0  
0  
1  mb 1 1 517 291
1  mb 1 0 517 291
0  
0  
1 T 1526883265.165000 
0  
1  mm 535 291
3  mm 552 291 mm 572 291 mm 613 291
3  mm 674 291 mm 691 291 mm 719 291
2  mm 747 293 mm 771 293
2  mm 791 295 mm 815 297
0  
0  
0  
0  
0  
0  
0  
0  
1  mm 813 297
1  mm 795 297
4  mm 786 297 mm 775 297 mm 752 297 mm 741 297
1  mm 730 297
1  mm 701 297
1  mm 680 297
2  mm 667 299 mm 662 304
0  
0  
0  
0  
0  
0  
0  
0  
0  
0  
0  
0  
0  
0  
0  
0  
0  
2  mm 662 295 mm 660 274
2  mm 658 258 mm 657 241
3  mm 655 219 mm 651 178 mm 651 169
2  mm 650 162 mm 650 156
4  mm 649 154 mm 649 152 mm 648 149 mm 648 147
4  mm 647 145 mm 646 141 mm 644 138 mm 644 136
4  mm 642 133 mm 641 132 mm 641 131 mm 640 130
1  mm 640 129
0  
3  mm 640 133 mm 641 137 mm 642 142
2  mm 645 156 mm 652 177
2  mm 661 204 mm 673 238
3  mm 677 252 mm 684 266 mm 689 280
1  mm 695 291
2  mm 705 304 mm 711 309
1  mm 713 311
0  
0  
0  
0  
0  
0  
2  mb 1 1 713 311 mb 1 0 713 311
0  
0  
0  
0  
0  
0  
1  mm 708 312
1  mm 686 329
1  mm 589 390
4  mm 548 412 mm 523 428 mm 518 431 mm 508 438
1  mm 496 446
1  mm 490 451
2  mm 490 452 mm 490 453
4  mm 495 457 mm 500 460 mm 504 463 mm 513 469
1  mm 517 470
3  mm 528 477 mm 529 478 mm 529 479
1  mm 530 480
0  
0  
0  
0  
0  
0  
0  
0  
0  
0  
2  mb 1 1 530 480 mb 1 0 530 480
0  
0  
0  
2  mm 562 480 mm 594 478
2  mm 626 478 mm 670 478
3  mm 726 478 mm 747 478 mm 764 478
3  mm 770 478 mm 781 478 mm 809 478
0  
0  
0  
1 T 1526883268.109000 
0  
0  
0  
0  
0  
0  
0  
0  
1  mm 808 478
2  mm 800 478 mm 793 478
2  mm 788 478 mm 784 478
1  mm 770 478
3  mm 768 478 mm 764 478 mm 759 478
2  mm 753 478 mm 741 478
0  
0  
0  
0  
0  
0  
0  
0  
0  
0  
0  
0  
0  
0  
0  
0  
0  
0  
0  
1  mm 741 477
2  mm 740 463 mm 735 446
1  mm 732 423
2  mm 728 376 mm 728 365
2  mm 728 350 mm 728 336
1  mm 728 332
0  
0  
0  
0  
0  
0  
2  mb 1 1 728 332 mb 1 0 728 332
0  
0  
0  
0  
0  
1  mm 727 332
3  mm 679 329 mm 657 325 mm 629 322
2  mm 605 318 mm 561 313
2  mm 541 311 mm 524 309
3  mm 505 305 mm 492 303 mm 481 302
1  mm 472 302
0  
0  
0  
0  
0  
0  
0  
0  
0  
1  mb 1 1 472 302
1  mb 1 0 472 302
0  
0  
0  
0  
3  mm 475 302 mm 482 302 mm 487 302
2  mm 505 302 mm 516 303
3  mm 532 308 mm 541 309 mm 547 311
2  mm 554 313 mm 562 316
3  mm 564 317 mm 566 318 mm 567 318
0  
1  mm 568 318
1  mm 573 318
3  mm 581 318 mm 622 318 mm 646 318
2  mm 687 318 mm 711 318
3  mm 720 318 mm 734 318 mm 748 318
1  mm 768 318
2  mm 769 318 mm 770 318
0  
0  
2  mm 768 312 mm 768 311
3  mm 767 309 mm 767 308 mm 767 307
1  mm 767 306
2  mm 767 305 mm 767 301
2  mm 767 297 mm 764 294
2  mm 762 292 mm 757 291
0  
0  
0  
0  
0  
0  
3 T 1526883270.788000 mm 753 291 mm 752 291
4  mm 751 292 mm 747 294 mm 745 295 mm 743 296
4  mm 741 297 mm 736 299 mm 731 302 mm 727 304
1  mm 722 307
0  
0  
0  
0  
0  
2  mb 1 1 722 307 mb 1 0 722 307
0  
0  
0  
0  
0  
0  
2  mm 714 307 mm 705 307
6  mm 697 307 mm 672 307 mm 658 307 mm 644 307 mm 633 307 mm 621 307
2  mm 610 307 mm 599 307
2  mm 556 308 mm 551 308
2  mm 527 308 mm 520 308
1  mm 513 308
1  mm 494 308
0  
0  
0  
0  
0  
0  
0  
0  
0  
0  
0  
0  
0  
1  mm 494 314
3  mm 497 340 mm 499 355 mm 499 360
1  mm 499 378
1  mm 494 423
0  
0  
0  
0  
0  
0  
0  
0  
0  
4  mm 494 428 mm 494 433 mm 494 439 mm 494 446
2  mm 494 457 mm 497 482
3  mm 497 494 mm 498 501 mm 498 505
1  mm 498 507
1  mm 499 510
0  
0  
0  
0  
0  
0  
2  mb 1 1 499 510 mb 1 0 499 510
0  
0  
0  
0  
0  
0  
0  
0  
0  
0  
1  mm 499 509
3  mm 499 489 mm 499 458 mm 499 417
2  mm 496 384 mm 491 348
0  
0  
0  
0  
0  
0  
0  
0  
0  
0  
0  
0  
1  mb 1 1 491 348
1  mb 1 0 491 348
0  
0  
0  
0  
0  
0  
4  mm 492 348 mm 501 348 mm 509 348 mm 521 348
1  mm 529 349
2  mm 566 364 mm 588 375
2  mm 621 407 mm 627 421
1  mm 630 430
2  mm 630 450 mm 630 456
3 T 1526883273.725000 mm 625 469 mm 620 477
1  mm 597 498
2  mm 580 511 mm 570 517
2  mm 540 535 mm 506 553
0  
0  
0  
0  
0  
0  
0  
0  
0  
0  
0  
0  
0  
0  
2  mm 506 551 mm 506 546
2  mm 506 533 mm 507 528
2  mm 511 514 mm 512 505
1  mm 514 488
0  
0  
0  
0  
0  
0  
0  
0  
0  
0  
0  
0  
0  
0  
0  
0  
1  mm 513 493
1  mm 513 495
1  mm 514 496
2  mm 518 499 mm 521 502
2  mm 529 511 mm 537 523
0  
0  
0  
0  
0  
0  
0  
0  
0  
2  mb 1 1 537 523 mb 1 0 537 523
0  
0  
0  
0  
0  
0  
0  
0  
1  mm 537 484
2  mm 566 365 mm 579 320
1  mm 584 306
3  mm 602 247 mm 606 238 mm 609 231
3  mm 609 229 mm 610 228 mm 611 227
1  mm 613 226
1  mm 614 226
0  
0  
2  mm 611 233 mm 605 240
6  mm 573 288 mm 567 298 mm 553 318 mm 543 333 mm 535 345 mm 525 359
0  
2  mm 503 389 mm 500 394
2  mm 497 398 mm 496 400
4  mm 494 407 mm 494 412 mm 494 415 mm 494 423
3  mm 494 428 mm 494 439 mm 494 444
0  
0  
0  
0  
0  
0  
0  
2  mb 1 1 494 444 mb 1 0 494 444
0  
0  
0  
1  mm 505 444
3  mm 530 442 mm 561 436 mm 581 432
3  mm 623 422 mm 651 415 mm 746 387
3  mm 810 368 mm 875 349 mm 1110 245
2  mm 1198 198 mm 1271 154
3  mm 1318 123 mm 1333 113 mm 1350 102
2  mm 1354 99 mm 1355 98
1  mm 1356 97
3  mm 1347 94 mm 1343 93 mm 1336 91
2  mm 1319 89 mm 1310 89
2  mm 1290 89 mm 1278 89
3  mm 1272 89 mm 1260 97 mm 1254 102
4 T 1526883276.448000 mm 1248 108 mm 1242 115 mm 1230 129
3  mm 1207 164 mm 1205 166 mm 1202 170
2  mm 1200 174 mm 1197 178
2  mm 1194 181 mm 1193 182
5  mm 1189 185 mm 1187 187 mm 1186 188 mm 1183 190 mm 1182 191
2  mm 1180 193 mm 1178 195
1  mm 1178 196
2  mm 1179 197 mm 1184 199
3  mm 1194 203 mm 1200 205 mm 1205 206
0  
3  mm 1212 209 mm 1213 210 mm 1214 210
1  mm 1215 210
0  
0  
1  mm 1213 208
4  mm 1211 206 mm 1210 205 mm 1209 204 mm 1207 203
1  mm 1203 201
1  mm 1198 199
0  
0  
0  
0  
0  
0  
2  mb 1 1 1198 199 mb 1 0 1198 199
0  
0  
0  
0  
0  
0  
0  
0  
0  
0  
0  
0  
0  
0  
0  
0  
0  
0  
0  
0  
0  
0  
2  mm 1145 202 mm 1109 214
2  mm 1025 244 mm 1000 255
0  
1  mm 748 352
1  mm 700 368
1  mm 640 381
1  mm 614 383
2  mm 609 383 mm 603 383
2  mm 594 383 mm 587 382
2  mm 584 380 mm 579 379
1  mm 573 376
3  mm 560 370 mm 548 363 mm 547 363
2  mm 543 360 mm 541 358
1  mm 538 355
1  mm 537 354
0  
0  
0  
0  
0  
0  
0  
2  mb 1 1 537 354 mb 1 0 537 354
0  
0  
0  
0  
0  
0  
3  mm 589 347 mm 609 341 mm 640 335
2  mm 679 328 mm 706 322
1  mm 730 316
1  mm 757 311
0  
0  
0  
0  
0  
0  
0  
2  mb 1 1 757 311 mb 1 0 757 311
0  
0  
0  
1  mm 821 311
1  mm 863 308
1  mm 1155 250
1  mm 1324 185
2  mm 1352 173 mm 1355 172
1  mm 1357 171
1  mm 1358 170
2  mm 1358 162 mm 1358 156
0  
4 T 1526883279.275000 mm 1357 150 mm 1356 149 mm 1356 147
3  mm 1351 145 mm 1343 144 mm 1335 142
2  mm 1328 142 mm 1299 142
5  mm 1288 147 mm 1277 151 mm 1268 155 mm 1263 156 mm 1249 163
2  mm 1234 169 mm 1229 171
1  mm 1225 173
3  mm 1211 178 mm 1209 179 mm 1207 179
0  
3  mm 1202 180 mm 1202 181 mm 1201 181
2  mm 1201 182 mm 1201 183
2  mm 1201 185 mm 1201 188
3  mm 1200 201 mm 1200 203 mm 1199 204
3  mm 1199 205 mm 1199 206 mm 1198 206
0  
0  
0  
1  mm 1199 206
2  mm 1200 206 mm 1201 206
1  mm 1203 206
0  
0  
0  
0  
0  
1  mb 1 1 1203 206
1  mb 1 0 1203 206
0  
0  
0  
0  
0  
0  
0  
0  
0  
0  
0  
0  
0  
0  
0  
0  
0  
0  
0  
0  
0  
0  
0  
0  
0  
0  
0  
0  
0  
0  
1  kd 8 1203 206
4 af 155 af 158 af 161 af 164 
2 af 156 af 160 
2 af 157 af 163 
1 af 159 
1 af 162 
0  
0  
0  
0  
0  
0  
0  
0  
0  
0  
0  
0  
0  
0  
0  
0  
0  
0  
0  
0  
0  
0  
0  
0  
0  
0  
0  
0  
1 af 165 
0  
0  
8 af 166 af 169 af 172 af 175 af 178 af 181 af 184 af 187 
5 af 167 af 171 af 176 af 180 af 185 
4 af 168 af 174 af 182 af 188 
4 af 170 af 179 af 189 af 192 
2 af 173 af 186 
2 af 177 af 191 
1 af 183 
2 T 1526883282.070000 af 190 
0  
4 af 193 af 196 af 199 af 202 
2 af 194 af 198 
2 af 195 af 201 
8 af 197 af 204 af 207 af 210 af 213 af 216 af 219 af 222 
5 af 200 af 206 af 211 af 215 af 220 
4 af 203 af 209 af 217 af 223 
3 af 205 af 214 af 224 
2 af 208 af 221 
2 af 212 af 226 
1 af 218 
1 af 225 
0  
0  
0  
0  
0  
0  
0  
0  
0  
0  
0  
1  ku 8 1203 206
0  
0  
0  
0  
0  
0  
0  
0  
0  
0  
0  
0  
0  
0  
0  
0  
0  
0  
0  
0  
0  
0  
0  
0  
0  
0  
0  
0  
0  
0  
0  
0  
0  
0  
0  
0  
0  
1  mm 1200 206
2  mm 1180 206 mm 1132 216
3  mm 1108 224 mm 1084 230 mm 996 253
2  mm 955 266 mm 941 270
3  mm 832 299 mm 795 310 mm 784 314
3  mm 779 315 mm 762 320 mm 738 327
4  mm 730 330 mm 718 332 mm 709 333 mm 702 334
3  mm 691 336 mm 687 336 mm 683 336
1  mm 665 335
2  mm 660 333 mm 655 331
1  mm 636 323
4  mm 611 316 mm 608 315 mm 602 315 mm 597 315
0  
0  
0  
0  
0  
1  mb 1 1 597 315
1  mb 1 0 597 315
0  
0  
0  
0  
0  
3  mm 594 315 mm 589 315 mm 582 315
3  mm 555 315 mm 546 315 mm 540 315
1  mm 535 315
0  
0  
0  
0  
0  
0  
0  
0  
0  
0  
0  
1 T 1526883284.896000 
1  mm 537 315
4  mm 540 315 mm 541 315 mm 543 315 mm 545 314
2  mm 547 314 mm 548 314
0  
0  
0  
0  
0  
1  mb 1 1 548 314
1  mb 1 0 548 314
0  
0  
0  
0  
2  mm 568 304 mm 638 271
3  mm 715 243 mm 767 225 mm 889 197
2  mm 1003 184 mm 1040 179
3  mm 1049 179 mm 1069 177 mm 1112 175
2  mm 1125 173 mm 1143 172
2  mm 1163 171 mm 1176 171
3  mm 1188 171 mm 1197 171 mm 1198 171
1  mm 1199 171
2  mm 1195 172 mm 1192 173
3  mm 1190 173 mm 1187 174 mm 1182 177
3  mm 1176 179 mm 1174 180 mm 1172 181
2  mm 1171 181 mm 1170 182
1  mm 1169 182
2  mm 1164 182 mm 1159 183
1  mm 1130 187
0  
0  
0  
0  
0  
0  
0  
0  
0  
0  
0  
0  
0  
0  
0  
0  
0  
0  
0  
1  kd 115 1130 187
6 af 227 af 230 af 233 af 236 af 239 af 242 
4 af 228 af 232 af 237 af 241 
3 af 229 af 235 af 243 
2 af 231 af 240 
1 af 234 
1 af 238 
1  ku 115 1130 187
0  
0  
1  kd 116 1130 187
9 af 244 af 247 af 250 af 253 af 256 af 259 af 262 af 265 af 268 
6 af 245 af 249 af 254 af 258 af 263 af 267 
4 af 246 af 252 af 260 af 266 
3 af 248 af 257 af 269 
5 af 251 af 264 ku 116 1125 196 mm 1127 191 mm 1125 196
3 af 255 mm 1120 203 mm 1115 209
2 af 261 mm 1102 233
3  mm 1100 238 mm 1098 241 mm 1098 243
1  mm 1096 246
2  mm 1096 250 mm 1096 252
2  mm 1101 256 mm 1106 257
1  mm 1108 258
1  mm 1117 260
2  mm 1133 263 mm 1137 264
1  mm 1148 267
3  mm 1150 267 mm 1151 268 mm 1152 268
1  mm 1153 269
0  
1  mm 1153 270
0  
0  
0  
0  
0  
0  
0  
0  
0  
0  
0  
0  
0  
1  kd 111 1153 270
2 af 270 af 273 
1 af 271 
1 af 272 
1  ku 111 1153 270
0  
0  
0  
1 T 1526883287.668000 
0  
0  
0  
0  
0  
0  
0  
0  
0  
0  
0  
0  
0  
1  kd 8 1153 270
0  
0  
0  
0  
1  ku 8 1153 270
0  
0  
0  
1  kd 8 1153 270
0  
0  
0  
1  ku 8 1153 270
0  
0  
0  
0  
0  
0  
0  
0  
0  
0  
0  
0  
0  
0  
0  
0  
0  
0  
0  
0  
1  kd 116 1153 270
0  
0  
0  
0  
1  ku 116 1153 270
1  kd 111 1153 270
0  
1  ku 111 1153 270
0  
0  
0  
0  
1  kd 110 1153 270
1 af 274 
0  
1  kd 101 1153 270
0  
0  
1  ku 110 1153 270
0  
1  ku 101 1153 270
0  
0  
0  
0  
0  
0  
4  mm 1148 270 mm 1139 270 mm 1137 270 mm 1132 270
2  mm 1125 270 mm 1124 270
1  mm 1123 270
1  mm 1123 271
0  
0  
3  mm 1124 273 mm 1124 274 mm 1129 280
0  
1  mm 1154 329
1  mm 1157 343
3  mm 1163 397 mm 1163 432 mm 1163 436
1  mm 1163 442
2  mm 1159 460 mm 1147 481
2  mm 1146 484 mm 1143 488
2  mm 1140 493 mm 1138 496
1  mm 1138 497
1  mm 1137 497
0  
1  mm 1136 497
1  mm 1127 484
2  mm 1119 473 mm 1118 473
2  mm 1118 472 mm 1118 471
0  
0  
1 T 1526883290.187000 
0  
0  
0  
0  
1  mb 1 1 1118 471
1  mb 1 0 1118 471
0  
0  
0  
3  mm 1117 471 mm 1113 468 mm 1106 462
1  mm 1096 455
2  mm 1007 406 mm 943 383
2  mm 866 366 mm 834 361
1  mm 786 359
4  mm 724 359 mm 719 359 mm 706 358 mm 697 358
3  mm 693 357 mm 687 355 mm 685 354
2  mm 684 353 mm 684 351
3  mm 682 348 mm 682 343 mm 681 341
3  mm 681 339 mm 681 323 mm 681 309
3  mm 686 292 mm 689 281 mm 695 263
2  mm 698 254 mm 700 250
3  mm 702 243 mm 704 243 mm 705 243
1  mm 706 249
0  
0  
0  
0  
0  
2  mb 1 1 706 249 mb 1 0 706 249
0  
0  
0  
0  
0  
0  
0  
3  mm 706 258 mm 706 263 mm 704 285
3  mm 704 290 mm 702 307 mm 702 316
2  mm 701 327 mm 701 336
0  
0  
0  
0  
0  
2  mb 1 1 701 336 mb 1 0 701 336
0  
0  
0  
0  
1  mm 716 327
2  mm 874 253 mm 954 223
2  mm 1062 197 mm 1089 190
2  mm 1189 178 mm 1226 176
3  mm 1255 176 mm 1271 176 mm 1280 176
3  mm 1290 176 mm 1292 176 mm 1293 176
2  mm 1294 176 mm 1295 176
0  
1  mm 1295 195
3  mm 1295 209 mm 1293 223 mm 1288 240
1  mm 1285 257
2  mm 1265 314 mm 1253 351
1  mm 1239 393
2  mm 1235 404 mm 1233 408
2  mm 1231 416 mm 1226 426
1  mm 1224 431
2  mm 1222 433 mm 1221 434
5  mm 1219 435 mm 1217 435 mm 1214 435 mm 1209 435 mm 1202 435
2  mm 1195 434 mm 1192 432
1  mm 1181 428
2  mm 1171 425 mm 1169 424
0  
2  mm 1157 424 mm 1155 424
2  mm 1151 425 mm 1143 429
0  
1  mm 1138 431
0  
0  
0  
0  
0  
0  
1  mb 1 1 1138 431
1  mb 1 0 1138 431
0  
0  
0  
0  
0  
1  mm 1119 431
2  mm 1091 429 mm 1054 429
2  mm 903 429 mm 883 429
2  mm 757 429 mm 711 437
1  mm 667 448
2  mm 636 456 mm 631 457
3  mm 604 466 mm 596 469 mm 586 473
3  mm 576 476 mm 573 477 mm 570 479
1  mm 565 480
2  mm 552 485 mm 548 485
3  mm 532 489 mm 521 491 mm 517 492
2 T 1526883292.862000 mm 513 492
1  mm 501 492
1  mm 501 491
0  
0  
0  
0  
0  
2  mb 1 1 501 491 mb 1 0 501 491
0  
0  
0  
0  
0  
0  
1  mm 526 491
2  mm 537 489 mm 557 486
1  mm 598 481
2  mm 629 477 mm 636 476
3  mm 643 476 mm 646 475 mm 649 474
0  
1  mm 749 467
2  mm 837 464 mm 884 462
3  mm 936 462 mm 983 462 mm 1000 462
0  
2  mm 1064 462 mm 1088 462
2  mm 1108 463 mm 1119 465
1  mm 1120 466
2  mm 1121 466 mm 1121 467
0  
0  
0  
1  mm 1120 468
2  mm 1119 468 mm 1118 468
0  
0  
0  
0  
0  
0  
0  
0  
0  
0  
0  
0  
0  
0  
0  
0  
0  
0  
0  
0  
0  
0  
0  
2  mb 1 1 1118 468 mb 1 0 1118 468
0  
0  
2  mm 1118 467 mm 1118 456
1  mm 1123 439
2  mm 1144 362 mm 1146 356
1  mm 1149 345
1  mm 1152 331
2  mm 1153 329 mm 1153 328
0  
2  mm 1153 327 mm 1153 326
3  mm 1153 324 mm 1153 323 mm 1152 321
1  mm 1152 320
1  mm 1152 318
0  
0  
0  
0  
0  
0  
0  
0  
0  
2  mm 1126 323 mm 1112 327
2  mm 1022 350 mm 975 361
5  mm 850 392 mm 814 400 mm 775 410 mm 768 411 mm 754 415
2  mm 746 417 mm 739 419
1  mm 729 421
2  mm 713 425 mm 708 426
1  mm 701 426
2  mm 693 426 mm 692 426
3  mm 689 426 mm 687 426 mm 683 427
1  mm 675 428
1  mm 663 436
0  
0  
0  
0  
0  
0  
0  
0  
0  
1 T 1526883295.590000 
3  mm 671 440 mm 674 443 mm 685 452
1  mm 689 455
0  
0  
0  
0  
0  
0  
0  
0  
0  
0  
0  
2  mb 1 1 689 455 mb 1 0 689 455
0  
0  
0  
0  
0  
0  
0  
0  
0  
0  
0  
2  mm 690 455 mm 701 454
0  
1  mm 889 406
3  mm 967 391 mm 1003 384 mm 1017 380
0  
0  
2  mm 1152 347 mm 1163 343
2  mm 1184 335 mm 1191 333
1  mm 1199 330
1  mm 1205 329
0  
0  
5  mm 1203 329 mm 1201 329 mm 1200 329 mm 1198 329 mm 1196 329
1  mm 1194 329
1  mm 1178 327
2  mm 1150 320 mm 1145 319
1  mm 1131 318
0  
0  
0  
0  
0  
0  
0  
0  
2  mb 1 1 1131 318 mb 1 0 1131 318
2 af 275 af 278 
1 af 276 
1 af 277 
0  
0  
0  
0  
0  
0  
0  
0  
0  
0  
0  
0  
0  
0  
2  mm 1089 318 mm 1078 318
1  mm 1007 330
3  mm 952 342 mm 932 348 mm 898 360
0  
1  mm 823 393
0  
3  mm 764 422 mm 740 436 mm 734 439
0  
0  
0  
0  
0  
0  
1  mm 742 439
2  mm 748 439 mm 760 438
2  mm 787 438 mm 799 436
0  
1  mm 967 436
3  mm 1039 444 mm 1056 447 mm 1087 456
1  mm 1103 461
0  
1  mm 1140 476
1  mm 1144 479
1  mm 1144 480
2  mm 1140 485 mm 1115 495
1  mm 1078 504
2  mm 1026 517 mm 1002 521
1  mm 965 525
3  mm 929 525 mm 918 525 mm 909 525
1  mm 902 525
4  mm 879 523 mm 876 523 mm 873 522 mm 871 522
1 T 1526883298.104000 
5  mm 863 520 mm 861 519 mm 858 518 mm 857 517 mm 856 516
1  mm 855 516
2  mm 855 515 mm 854 515
1  mm 854 514
2  mm 852 513 mm 851 513
2  mm 848 511 mm 847 511
0  
0  
3  mm 843 509 mm 842 508 mm 842 507
0  
0  
1  mm 842 506
0  
1  mm 842 505
0  
0  
0  
1  mm 842 504
0  
0  
0  
0  
0  
0  
0  
0  
1  mm 842 505
1  mm 842 506
2  mm 841 507 mm 841 508
1  mm 829 514
2  mm 810 525 mm 788 537
2  mm 767 546 mm 752 555
0  
0  
0  
0  
0  
0  
0  
0  
0  
1  mm 752 554
2  mm 726 539 mm 704 529
1  mm 657 508
2  mm 597 486 mm 526 463
2  mm 474 451 mm 454 445
2  mm 437 440 mm 432 439
1  mm 410 435
2  mm 395 432 mm 390 431
1  mm 388 430
2  mm 386 427 mm 385 427
0  
2  mm 384 422 mm 383 417
1  mm 383 413
1  mm 383 412
1  mm 383 411
0  
0  
0  
0  
0  
0  
0  
0  
0  
0  
0  
0  
0  
0  
0  
0  
0  
0  
0  
0  
0  
1  mb 1 1 383 411
1  mb 1 0 383 411
0  
0  
0  
0  
0  
0  
0  
0  
0  
0  
0  
0  
0  
0  
0  
0  
0  
0  
0  
0  
1 T 1526883300.468000 
0  
0  
0  
0  
0  
0  
0  
0  
0  
0  
0  
0  
0  
0  
0  
0  
0  
0  
0  
0  
0  
0  
3  mm 384 405 mm 387 399 mm 393 389
0  
2  mm 409 347 mm 411 335
2  mm 412 326 mm 413 318
2  mm 413 315 mm 413 313
2  mm 413 310 mm 413 309
0  
2  mm 413 310 mm 413 311
1  mm 412 313
2  mm 408 321 mm 406 328
1  mm 402 338
3  mm 398 349 mm 396 354 mm 394 365
3  mm 394 369 mm 393 371 mm 392 375
2  mm 392 379 mm 391 387
3  mm 391 392 mm 391 393 mm 391 394
0  
2  mm 391 395 mm 391 396
0  
0  
0  
0  
0  
0  
0  
0  
1  mb 1 1 391 396
0  
1  mb 1 0 391 396
0  
0  
0  
0  
0  
0  
0  
0  
0  
1  mb 1 1 391 396
0  
1  mb 1 0 391 396
0  
1  mb 1 1 391 396
0  
0  
0  
1  mb 1 0 391 396
0  
0  
0  
0  
0  
0  
0  
0  
0  
0  
0  
0  
0  
0  
0  
0  
0  
0  
0  
0  
0  
0  
0  
0  
1  kd 27 391 396
1  mm 391 395
0  
0  
1  mm 391 394
1  ku 27 391 394
1  mm 391 393
1 T 1526883303.201000 
1  mm 390 393
0  
1  mm 389 392
0  
0  
0  
1  mm 389 391
0  
0  
0  
1  sd 113 389 391
0  
0  
0  
0  
0  
0  
0  
0  
0  
0  
0  
0  
0  
0  
0  
0  
0  
0  
0  
0  
0  
0  
0  
0  
0  
0  
0  
0  
0  
0  
0  
0  
0  
0  
1  su 113 389 391
0  
0  
1  sd 113 389 391
0  
0  
0  
0  
0  
0  
0  
0  
0  
0  
0  
0  
0  
0  
0  
0  
1  kd 37 389 391
